$ANSIBLE_VAULT;1.1;AES256
62353439383930333566613833373232353663316335666666636131363466363462373337356633
3230373634323838646334306135373736303739373633610a613331623761643063626236323133
30303135643265663130363666303935383864626561663964323535366562633231323366353533
6536656639353462300a366635613030353064653364393565336432323835663765393263393566
61663561386563643034343634633465363261333432313734666565346238363563353336373664
32626662663831613339356237623237643933643835623531323864633933326639306630393631
30656537656461373731386139303931643039653365646337336266346461386332633162366237
66313439333765356564393637623838633132633362636339346266663230356564613931306638
65376537396231376461313364396438613764653963666636663838383861653766343230336236
32653361336639306562316539356239653434393761613237336266303665343939633063646230
38656239636365646434323563323631343837363537376139376337323637343137326563656565
30306565663231373566666536616462666538316332666263313066666162616633343137383537
33613064663964386532666463366563316566313035643764626635393439356666323837346432
33623633396561333666333061306561656434373736386633386634376234633661643831373730
63373736333834643366313537323732333962393265316366633137333735366438313561303439
31303530633537336232343039353734313665326237383238373933373361373962346666626534
31323366323363643638393138613437316163623439666534383139376236383437373263373333
66386231346235396332643237326261396163306339346464623432663235663735383063333733
61376637663830393663363766343834633335356662323930373038306538653562376664396461
39363839383866326262633735323632376236613230383539663364326234333731396565346663
31366437613363386635613138626439616239613663633566383763636439306361373465393864
33373364653966623631326264663730346436653130343130613166316336313665383039353138
61613365646164653732643065393733303531396661616130356366323433626531303235393637
38646464663438346266633162643261373363326561303361343939363738633639366231633233
61343065333339373139666337396437373034336130393661666232313865666235343337653038
35613833306335306133383236623538343561383033346365323136653632383937383161653261
39616561373162616439386533613664653731313435656339656433663731306461363961376538
30653034363034316137316130313030366461643430343434393663613862326135333663323764
34616636646462653435303335636638653835396563323662333435363932613966333866623334
61393462616664643038333138646338333134653233646566343332353837623662343634333862
33383039343965303530336633353431366562653233356130363138373131333161333233396264
33373435333433633337613135366361646430393934306235613761393765383962343364363364
30633966623365346132333031366630303366623266363934643935613535366333383464363030
30376263323665353836316138306338386633346463363965333737643439336335376364346233
64656337623666643830343033313430623565386162393262653963646562636232313165323734
37373963633134366337303466353934653431353831323861663663353062393139633964646362
37373737343633353136306164656539636135386136386333633334396435373766666237376434
64343031333536323364346366386339373935633762326564303130643466303035376433353233
65633661316265373430626365373062633665323361383662346261333136333666326535326131
39653239663635306161336634383537346533646166366338356330653738373765346638666361
61333139303734643565616130356439623364623764346234666565313535313031666431393734
32643638653361396362306133653638616662656265616636633830313338313930316363333439
35653332326138613736363266393139623931353665363862373263633563333561316565643166
33373965336133373737396338303435386138313931653135303234333439376165326664373437
33333132623730623261633031343333326537313365373665623039333434633433643538613639
33636434386235376430303139303566353434656163653336326533666464613965333463633666
36396338346335376264363930623638353736373266353632626238373238393566633966333633
37313738356134346237323936633236623664353830653934646635306537316133316464643735
64626463616166313466323635653466346135356635303438303566353036656433343935653464
33643565313333323236626338383161386537303935326535663934363735393632333364663630
64363335666235323130656364316435363534616438646565366361356534653234396232363061
31333233366363333538643538383164326234396363333764373734323830633961636663633933
37383064313362653738323461373039373364333031306266613564326563636133323934636537
31383664393933653131313865393266666435643365323366353336626633643335306437633633
63656661656163393861376436396562653762666166653665313333643539363330393864343163
38383235353032313932383134353962636438616238333135636163346131306262326532613935
64346466306531633434623539373366346330356161323734616539353735333536323465303734
32353630343133303435386338626230613730646661623363386465393938653937376135663661
66373937666638333238363331306238366433656334373866666638613466623638396330643864
31343939633062646330663338393661343164363737306434646162313163333030666639303534
39633135656334636337333262663539633636336631393466303336386161363436306331313037
35393435386663363537353861656665323035613864343162366162323263623663313763333538
64343161656265383464356237303233623231323161636634303339646533366636653261643134
34323636393862306361666430636661633061316636356434393766613139333665663232636266
39396138363037376430653332666636623365366339306361333462363738396162653232613263
34303239346561356436346261646330363336613432393064626339333332616238326139623230
61366230636232653738323565313832623632326665353235313938366235353530366661353534
37313932646462306235643665346438396466663665326661633235316664663061653732396164
36623861613561393935613434316536323163633262653132393963303664396336366261633462
63313836313662663764623834333139333035313062626662343164313865366633633762393233
35313730656633663563353462623436366336343530333638366633363765336136613535393637
32336634343761653764666336653361616465393066323635373332663631666466366430643735
35333735323037343436393266396130306439316533323138643230376239613165616634363836
34333032323430653361333239626633613232373034633434623566356430343032363732353739
64316134376636356263383938373965346139666162623234393630656163363964333436653638
39356363643130383531393964626364613532376335326632396663313466313262383233386539
30346638393330626632656534393934633963666438663734346530613230626164396336313763
64346430306631623635656364663532313938373836343664643365366430653934393034386365
64353139333264646636653431393635613061383134353338613261323736343130383534666131
35633236313766333235313333303666383466366535616632626465373966623537303636396538
30626330663231323962303039616561373235356562306435633464383865363236313262376233
30336237653130353034633537613065313763373537353332643135646337306339313137636261
64353437316133326161323235626635343739313361633063393830666135636536333366353232
64656465353361643264316536333132663334366264386138623864313138646363316435343038
65643534653234623365613462653365313534343764303931316536626435393435633463393966
39663335386637646335643462313337623336613736313461613431376561366665303065303736
63393737623666343834656462633638326163303932663739663732326263333236333033353162
33363336366330383663336363343830363736653832613230366364326236653735306562653333
61336232643061623266643563636666303436313736396166616333343431663430323164316562
30356362316666346534626463636565643239353433386563306633373532326539613438653630
34393930346637333439653233643138353637346531323865653364353738333231653938643332
34346264653439396161653639316634646139366636323432363731653336316333333437326639
63353938373234373131393362646164396437363362623238623730373930656339323435336661
30323166313535303035373336633030623534313364623836653630626530653964666261396662
63306663353833313738666538323761353732373038323563363263333939656336663636323130
38336466383662613563323164643933336536653663323939613537393661316234666430626165
34323263383535616431356461313538326237393864386134643131653938653165303236353164
37633664366161373931333935326336376538363735336166386262373762373033613666653931
66353631306266353262373764653766333139613236306661663230313866323561313130643361
34616131383138653433313632346465646639336139656234663763373936323564393232326134
3861
